# Created by Octave 3.8.0, Tue May 12 14:55:26 2015 COT <memo@Andress-MacBook-Pro.local>
# name: Sn_max
# type: matrix
# rows: 10
# columns: 10
 0.593553609514703 1.108145406004448 -0.7454231356005955 -1.204283649637766 0.1045526586056243 0.8868234849890733 0.1693647578032592 -1.232027292248278 -0.5782373995299394 0.8975315600994582
 1.055577946465502 2.566864678279561 -1.441782758952151 -2.627355498415974 0.01484712057996736 1.842150065295372 0.612456605170378 -2.287480392455814 -1.242714513035497 1.50743674706867
 -0.6862626314922726 -1.39090658637846 1.010971595865751 1.544535741369365 -0.2164407851379703 -1.219245304700918 -0.2171722273142744 1.650425424380465 0.7599724215771575 -1.235877648168843
 -1.182131617973287 -2.699083616101355 1.649359725502887 2.836705030034998 -0.1296092164401464 -2.062041606825876 -0.5818396546506426 2.635496051692079 1.354587185937131 -1.821442281175792
 0.03336534226988072 -0.1275959849547222 -0.1288202770438764 0.03223722757981151 0.1948412815007896 0.1106715004300639 -0.1339248445537644 -0.2572675700961231 -0.02046799846736336 0.2969613233353064
 0.9129467512522753 1.990701499807479 -1.359873611753114 -2.16148598082024 0.2402910366666665 1.677794865517259 0.3713508922479503 -2.198917212498254 -1.06409779727687 1.591289556856858
 0.1856440864631931 0.666308407399269 -0.2630004156619836 -0.6285012202532847 -0.1006707234871624 0.3890003890244949 0.2548215319529543 -0.3582720193595387 -0.287047743452883 0.1417177073749452
 -1.209245351953631 -2.358831635973181 1.755761958903739 2.631864140661079 -0.4173978528876243 -2.098628871775725 -0.3098995778127894 2.914701014328939 1.305443949848798 -2.213767773339608
 -0.6553365921907427 -1.467002403349383 0.9359632954069077 1.557859204608167 -0.1170577010611084 -1.169416600470648 -0.2994107459213304 1.509886347423594 0.7606272286796019 -1.056112033125059
 0.9518884576443635 1.711400235266354 -1.41315637666756 -1.981574995126155 0.4266441816609676 1.64289207851691 0.1342532630782625 -2.37654435116707 -0.9880653342801347 1.892262841074074


# name: mn_max
# type: matrix
# rows: 10
# columns: 1
 2.108614826025599
 4.629350455620513
 -2.676642526442425
 -4.94506866198688
 -0.0263734813670385
 3.836358409884141
 1.150972309177236
 -4.607036433614839
 -2.806339161274267
 3.336164263977958


# name: alpha_max
# type: scalar
1170662337684.235


# name: beta_max
# type: scalar
1.872228706840716


# name: Sn_min
# type: matrix
# rows: 30
# columns: 30
 434.008237570524 -5684.90803232193 11669.67410151103 -2962.291276071051 -11346.62527722425 5008.055510041659 10875.98437434318 -5476.947464535046 -10415.93287078228 4761.223396895166 10059.26062470642 -4410.743000276125 -9707.167270054872 4287.616587574003 8734.72222144554 -4437.650120488915 -8030.824737776066 4722.324737789685 7577.844934633806 -6055.527408358818 -7441.959007969573 7955.309731938115 7688.606136603539 -12343.44270946359 -6088.253224223941 17141.23630985761 2334.214374013597 -27527.33217803713 26188.83138946329 -8978.573388558083
 -5612.467517918091 40577348.89917853 -178611114.4098375 300904152.6335262 -163870120.9858824 -155693185.8912495 213546825.1017812 79722300.30955568 -213277530.5386122 -48205270.65338434 212905792.2096255 28405698.39801278 -211323510.6455258 -11480796.29128047 202149433.5481516 5062204.787638566 -195910330.3679696 -3556260.832478995 198589640.1969701 -5945278.678519763 -201229728.5741089 20478165.00613656 214857426.9188541 -74917770.33022864 -186206207.7446587 121368682.6356544 158202438.2516257 -264512232.8278693 151564716.6846468 -33546968.52744405
 11343.97050386754 -178687618.1147218 788369586.1150125 -1331879103.960962 729971142.4039807 686385281.3754984 -950218960.3728869 -348527782.9862563 949192462.2814403 208376047.3864473 -948169256.605159 -120262068.8287394 941886476.9278566 44962310.52358997 -901782752.0228485 -16535778.91947312 874735795.2079771 10052167.05040311 -887364622.9404324 32095381.7676203 899693270.9420927 -96761754.26166934 -960803984.2467196 339624638.5484533 833019246.5067625 -547473066.5425104 -706943083.2328006 1187696772.979254 -682040194.5609099 151246017.4517482
 -2385.883897135657 301494553.6621497 -1333926519.010911 2261500812.622749 -1249708533.993718 -1159164262.705876 1624505133.169419 581782584.4886687 -1623136262.912137 -342222740.126 1622855484.442389 191419133.3031481 -1613895604.132922 -62587133.09129454 1547044458.129414 14220500.05805471 -1502526640.01598 -3590794.426565439 1525848958.661306 -68183317.11579233 -1548358998.772565 178742849.2566319 1654023036.74402 -595425297.854627 -1434879307.150524 953467544.4711685 1215917142.205066 -2055775885.320723 1183786628.234224 -263086340.2201447
 -11747.70391838925 -165957670.0539079 738944084.8621008 -1263086166.126505 711532777.5075029 638817675.4668717 -921939175.9900687 -311204087.0370026 921653021.921759 175121269.5476633 -923495496.8534032 -89136328.5773485 920871408.6046877 15712878.32880148 -885324976.4040457 11548445.30602842 862503831.6043637 -17052431.72405317 -878240992.1442049 57471026.47159576 893107881.0873593 -120275907.1413155 -954843447.1831304 358891837.926394 829548115.2134205 -565898966.4462943 -700502979.7942878 1202494501.933718 -696865113.0152445 155622763.4314801
 4923.191472247443 -151299971.6811166 666511555.0141771 -1123375223.32705 611828807.7228378 581687843.3679099 -797320113.7810714 -298470692.9755605 796358184.0181698 181148973.9895966 -794855241.6855924 -107580759.9298351 788742593.3732175 44736207.97019288 -754235145.1620629 -21008152.95603741 730613360.5547956 15535476.88503287 -740201438.7566249 19814853.45779893 749666673.3067001 -73958055.35977124 -800155780.3880143 276844066.1162773 693229941.3064753 -449785215.4462252 -589198404.9992765 982758495.4735894 -562656395.4699279 124509514.5347885
 11013.67375929786 207682027.9312941 -923649539.9901745 1576444597.311048 -884940696.0133972 -799325748.8254015 1147317583.865565 391666548.5596575 -1146873172.776804 -222395896.8824845 1148715811.548834 115543060.4382395 -1144880919.430037 -24307925.26808038 1100080829.898228 -9600761.609875273 -1071086298.961326 16520033.69276542 1090042589.512644 -66840786.73647873 -1108003162.849849 144938081.655408 1184359260.359482 -441314313.2115038 -1028642273.805419 697958713.9560093 869229511.6420873 -1487421092.963885 860827651.11891 -192040332.2622463
 -5121.150623524454 84410408.81131275 -369289079.8152559 616493443.7008071 -327616089.8059861 -324644438.6112649 428798613.1662534 172549208.8889668 -428027170.0273793 -109744565.6022229 425950065.9066539 70651573.53079976 -421055900.8010935 -37271176.23399747 400899427.61384 24565925.63877763 -386512920.248984 -21419981.60633649 389890828.715889 2325355.985299273 -393457754.4187288 26653580.77018007 419281284.0627869 -134197864.5711921 -362364201.0871053 224546231.2547973 309674206.6571188 -503512571.572364 285079418.7927446 -62557142.01006995
 -10904.0394728878 -214893956.389846 955979836.6691469 -1632214910.079807 917029615.9591846 827114764.7892542 -1188763042.241091 -404748910.4398769 1188346045.996648 229372131.918288 -1190380248.629103 -118661144.3682254 1186552566.687432 24143737.16157887 -1140271275.891295 10946476.28840154 1110358788.960225 -18053913.27936771 -1130121341.918504 70141129.73929305 1148822272.843012 -151031237.7383951 -1228005919.738429 458189863.1311597 1066604950.798932 -724270946.6772771 -901202215.0500715 1542769318.891222 -892986966.3807762 199230823.2980338
 4707.384059897588 -47842340.93857752 206675449.5470591 -338828215.7570575 171382177.9097348 184271137.6992104 -226356076.4727113 -104295848.9318307 225692813.0558944 71522678.56329761 -223210289.5278762 -51471932.06616692 218854995.7180027 34381233.45431669 -206440835.6646196 -27796756.37038221 196961136.7013733 25963533.929084 -196733065.8882236 -15839072.57730809 196880136.0965714 736146.3125159736 -208984443.4927827 54237897.45887697 179580443.47272 -98925634.46937571 -155420046.6480405 237546248.464156 -130665973.8037293 28034131.00211306
