# Created by Octave 3.8.0, Tue May 12 14:58:34 2015 COT <memo@Andress-MacBook-Pro.local>
# name: Sn_max
# type: matrix
# rows: 10
# columns: 10
 6.806238835318315 -212.1539754663774 2258.127871513793 -11184.25855451909 28411.32597165933 -34791.10411506726 8346.398172024141 26186.74773894174 -27398.68840751316 8376.799065329007
 -212.1114578849501 7151.539061225002 -79628.68069037037 405770.098280928 -1051917.526021964 1310562.678700055 -328642.6787387325 -987505.4587058279 1046904.340809442 -322482.2014718784
 2256.719112600718 -79595.10991105335 915370.016014547 -4772963.765279708 12596263.91753402 -15948662.2323289 4169427.070723152 12030620.97979224 -12924709.27278946 4011991.680267337
 -11167.92665262535 405261.4849604669 -4769006.739702655 25322057.23681158 -67853216.35145782 87169949.67303753 -23663189.88481718 -65825407.76320003 71625455.92556264 -22400735.6733791
 28319.67770108604 -1048758.090703743 12563942.20714995 -67735931.35128769 183970760.1842227 -239505237.6527381 67271768.15938024 181041101.8146555 -199393187.7965847 62807222.90510096
 -34506.87877006708 1300240.153421398 -15831049.43414876 86604772.31395456 -238374764.3341006 314503414.7017847 -91365281.3588514 -237973938.0519889 265379584.1503714 -84208471.34442548
 7833.524790158746 -309427.53468092 3937692.60902885 -22417166.33717274 63962519.13015292 -87428566.21204652 27623464.97838911 66330149.89530356 -76413308.99299239 24706808.9691011
 26722.49343148212 -1007990.324015035 12286373.21215508 -67285671.53197081 185388456.7642811 -244848145.6868078 71314057.70072921 185283065.4133192 -206821432.1025902 65664564.12627832
 -27698.82374018437 1058544.147268764 -13073416.39409813 72506493.01370497 -202182084.3064271 270326818.7759289 -81183481.87429677 -204755089.2572208 231273987.7489966 -73944073.11032066
 8446.519352365522 -325214.1116618326 4047465.079571649 -22616175.4374375 63515571.25316942 -85545343.02513462 26153531.52052259 64830815.74400213 -73745895.39206876 23676797.87700498


# name: mn_max
# type: matrix
# rows: 10
# columns: 1
 -0.7665987795022002
 65.49110521084138
 -725.3464897819364
 2699.980907810096
 -3355.237533019993
 -1436.144174975884
 4772.576949428389
 1501.816560031799
 -6473.47377363737
 2951.10303941966


# name: alpha_max
# type: scalar
2244.632990122278


# name: beta_max
# type: scalar
2.257276262622042


# name: Sn_min
# type: matrix
# rows: 10
# columns: 10
 0.1622466227702956 -8.029717911851817 128.4773208331132 -974.2042806788598 4091.114145405719 -10225.86450129993 15578.10612578871 -14181.94449385315 7087.486749683587 -1495.315536987973
 -8.02971791197106 600.0833187192111 -11213.5639060945 92368.02937341675 -408466.2378482932 1057727.024439588 -1653333.570620067 1534867.236305094 -778920.7461307471 166381.2687129061
 128.4773208330306 -11213.56390609986 225674.3138630201 -1945620.873765896 8875232.794371223 -23506379.32803741 37376581.03334773 -35167004.64749721 18040440.37633017 -3887876.900522299
 -974.204280664421 92368.02937329539 -1945620.873765447 17296693.86031003 -80669156.42195703 217264442.9063322 -350020898.8867696 332814462.7591658 -172213183.4086985 37382266.65968552
 4091.114145403928 -408466.2378478289 8875232.794368545 -80669156.42195073 382547028.3230114 -1043768288.696049 1699138090.143527 -1629447095.534603 849169445.7470596 -185443024.7969862
 -10225.86450125052 1057727.024439404 -23506379.32803256 217264442.9063155 -1043768288.696038 2877579269.497087 -4724276732.558475 4562643013.645772 -2392039669.400114 525063356.3161473
 15578.10612562673 -1653333.570618223 37376581.03333683 -350020898.886739 1699138090.143503 -4724276732.558468 7811006744.566569 -7588885682.333929 3998975750.455798 -881687782.0009369
 -14181.94449404431 1534867.23630567 -35167004.64749189 332814462.7591482 -1629447095.534595 4562643013.645778 -7588885682.333932 7410805103.374619 -3922432273.820202 868161036.2165812
 7087.486749465916 -778920.7461288271 18040440.37632502 -172213183.408689 849169445.7470534 -2392039669.400114 3998975750.455798 -3922432273.820201 2084122344.791423 -462857946.192056
 -1495.315536904349 166381.2687124803 -3887876.900521106 37382266.65968296 -185443024.7969844 525063356.3161476 -881687782.0009373 868161036.2165813 -462857946.1920559 103106716.1758455


# name: mn_min
# type: matrix
# rows: 10
# columns: 1
 1.38674136979867
 -61.07772507018822
 1723.861923937434
 -19300.81470568597
 103820.1774392227
 -306724.260320838
 527059.7075419457
 -525922.7813643294
 282814.4886791902
 -63412.80930472151


# name: alpha_min
# type: scalar
0.0006035999054614838


# name: beta_min
# type: scalar
2.508843422390695


# name: M_max
# type: scalar
10


# name: M_min
# type: scalar
10


# name: N_max
# type: scalar
40


# name: N_min
# type: scalar
160


