# Created by Octave 3.8.0, Tue May 12 14:57:20 2015 COT <memo@Andress-MacBook-Pro.local>
# name: Sn_max
# type: matrix
# rows: 20
# columns: 20
 90138.27009851529 -5410144.126132618 12331742.77113475 -4926627.720503092 -9100367.028960779 5680216.46466676 8060662.585387387 -5813223.515643222 -7445096.800851561 6185501.433701718 6684958.002723926 -6728945.994045858 -5693617.663467706 7464341.262393793 4243891.245919608 -8475300.252154281 -1509427.470208316 9753476.082370142 -7217548.996387743 1825371.450102788
 -5411511.286106366 341007479.2112039 -792391969.4792724 337550205.1732691 581347100.8516862 -394720715.1859927 -516255398.3335714 409710704.3473743 480304648.0432653 -438736394.0288677 -434243741.8090557 477530751.7755557 371658146.215905 -528231171.1386676 -276539153.5914271 597052177.5161332 90981835.54193494 -683111323.9126014 513564744.0574658 -131066413.9800343
 12338577.01620767 -792631008.4165124 1856203344.945619 -811174770.5993798 -1357647557.821723 954050206.4490694 1206012725.762416 -996305603.7626668 -1124809165.431083 1070435821.329872 1019472967.953678 -1166278448.368757 -874077302.2981404 1289469816.264697 649492787.0074326 -1455315426.91315 -204713422.6038773 1661236992.016651 -1258256758.994095 322496226.4947382
 -4942833.798073366 338532673.9324695 -813251658.6244769 385079346.2059717 587927847.6279497 -461032905.1738241 -521847569.6008042 490716904.2958848 490033686.0644207 -533278214.4238685 -447327455.2335055 583761460.3648491 385425316.6074827 -645366969.431155 -284587724.3280013 725762200.5029993 74534435.24001633 -822841131.2878466 638704447.8650464 -166001856.8251243
 -9073881.074278219 579417130.3086194 -1352636561.576121 584104452.6317327 991851735.4858992 -684716456.7236426 -882252656.4205869 712039116.3393657 822945217.2967951 -762389201.4430611 -745790235.8168409 828743677.5727584 639463829.5986913 -915255514.112772 -476290988.7092465 1033032616.76214 156345857.5883304 -1180746606.203095 887705685.8105557 -226497217.3348073
 5643806.93871397 -392157853.5026952 947623493.901359 -456905292.6542057 -682826847.4348489 549265786.3399643 605593888.1527454 -587289099.206962 -569366691.5528647 640140887.7331851 520512525.6597459 -701786401.9557133 -448955101.4711123 776087392.6116194 330862545.1796696 -872219744.7006787 -81720039.45797589 987407872.5673907 -770935578.0301304 201024450.9074214
 8102581.522172989 -518937857.6481138 1212057171.730775 -523339509.775192 -889840301.991834 613093543.4198993 792846902.010734 -636601748.0128785 -740696997.191623 680144055.4516437 672178972.8080339 -737720769.6278709 -577058897.5818452 813331033.5561357 430784074.0983425 -917193762.486771 -144851012.0860732 1048574879.303949 -784332221.8720965 199459864.3878242
 -5845617.888111392 411773379.6820727 -1000912292.732388 491674122.4032303 718294450.1808343 -593664685.3090416 -635952080.1831437 638044831.5758202 598221589.7307348 -698138357.0777899 -547403160.813834 767143416.1456211 472434035.5720518 -849162109.9597753 -347103019.022429 954054035.9400815 78812286.27812938 -1078372031.45683 848192662.4868 -222091455.580627
 -7438698.456768394 479733875.951629 -1123094541.421994 487972876.4926375 824719887.9485979 -572249672.9458776 -735983979.0643353 594428504.1415895 689055516.3615336 -634464907.2978625 -626659402.5667439 686951788.798007 539018247.1864946 -755925188.5164766 -403264237.2971318 851260242.1467767 137447005.5181339 -972692960.945693 725158631.4476448 -183972987.4920812
 6201610.989088669 -439685883.9363813 1072348363.386455 -532864627.0269001 -766949807.9136865 645325572.9377003 677457361.1158918 -696273682.4427848 -636742647.9748487 764484833.5062566 582398713.3052936 -842209888.6013263 -502369016.6590208 933672806.4117355 367732029.844126 -1049363924.682258 -76397992.61861016 1184948802.018904 -938382087.7976601 246669466.1715043
 6669229.828416329 -433046484.7022326 1016281690.490448 -444673177.1369582 -746230463.1192448 522198802.2080619 666853709.2213367 -542949974.5628093 -625688791.7063336 579231082.8016428 570365966.7136815 -626186669.1179074 -491697561.4271564 687734814.5855968 368755407.5457072 -773221441.528774 -127231491.6807843 882846482.7606256 -656037773.186854 166026642.0214624
 -6729341.244348716 477380234.423669 -1165498226.128887 581918635.8723649 831675428.9862983 -705793682.0252483 -732950127.500694 763295274.0527523 687746736.5939884 -840237056.3566496 -628114235.5581387 927832818.7741445 540996521.6837928 -1030387687.011918 -394469082.6492292 1159010905.053777 75517860.97205491 -1308275892.194451 1041858967.146981 -274778052.9296545
 -5680304.946217937 370677612.1512287 -871486917.7770332 383271941.9702625 639933635.4336233 -450572613.7810192 -572556442.0054724 468807369.653882 538253018.0727174 -499881598.8476643 -491761015.7354336 539609404.1239169 424919792.9410506 -591513372.4083455 -319574711.9535323 663938890.3977844 111986499.3002093 -757507203.0310255 560544320.0627601 -141408303.6243811
 7443864.489912856 -526691183.6422768 1285361462.474146 -641868440.4508134 -916136855.471765 778799633.8208792 805943771.7288952 -843082408.3627243 -754841797.9001901 929530488.2068385 688086506.7368075 -1028260049.066825 -591509740.4392654 1143732425.28369 429774639.2908961 -1287794529.793278 -77110420.65137075 1453753619.604495 -1162514167.527058 307383181.7158835
 4271425.711285244 -278313939.7871518 653532595.1033971 -285750010.9128382 -480950530.025817 335334288.4194999 431288332.820143 -347909203.7438627 -406272884.3564818 369672075.268031 372049008.9469349 -397571319.9098181 -322374012.9135462 434352298.3646052 243780765.9728831 -486519318.6733007 -89655923.74864949 555202520.5208728 -405540554.673648 101374387.6122441
 -8503139.655657191 598726115.3510886 -1458812068.263652 725584776.9135764 1039910712.324021 -879763138.3292211 -914086983.1943779 951965352.1136146 854919479.9781737 -1049866183.951853 -778056614.2577264 1162276813.052558 667749206.1709157 -1294064861.117122 -484176877.6507993 1458299518.551541 84839326.55726682 -1646934333.875305 1319226710.610574 -349233811.3843478
 -1494381.10764286 89967929.77551097 -202258051.5101909 73224975.33180127 155027382.8990976 -80986737.35917975 -142729879.0895918 77024590.28757523 136104799.5561392 -74728296.70077832 -126139740.1004003 73904635.55394949 111089003.5020513 -75670818.43850452 -88433201.36741441 82464374.01531555 50771848.86730112 -96874630.13436615 47766723.19115518 -8030527.149803504
 9753022.283654571 -682883699.8858932 1660154117.231889 -820328877.4611633 -1184887253.744872 993226571.8713166 1041795091.47902 -1073105020.361075 -973798320.8487728 1182380961.620905 885558985.9843181 -1308542695.628521 -759456750.9562976 1457074477.834983 550782723.5530905 -1642654043.857275 -99078163.56121728 1856193780.814342 -1485148052.488458 392963146.1866937
 -7221257.828282461 513656825.8417878 -1258054448.256929 637049170.1700521 891374354.4500669 -775792696.4246398 -779469026.8387567 844444614.8722314 726414986.7069923 -936771089.3676378 -658522478.9750967 1042527017.224156 562336701.0880904 -1165560041.817832 -402329547.5812176 1316443111.485137 49519823.18188035 -1485729022.001468 1208621277.170973 -322938273.1810946
 1826710.236080975 -131115200.9937336 322502753.7668033 -165599169.4465252 -227492551.6550663 202318681.3514635 198231697.3698722 -221147297.7371987 -184337284.6537333 246285592.1774393 166709474.7636262 -274996595.1542313 -141898799.1594554 308218327.8241594 100559680.4070666 -348560579.5407739 -8488885.144520987 393166709.4198498 -322979426.3652205 86796162.56359094


# name: mn_max
# type: matrix
# rows: 20
# columns: 1
 31.86212225041094
 -6737.784810595414
 21951.38448790131
 -20630.51706287552
 -10738.05004406664
 27825.12659936495
 6048.840408038165
 -35206.67049264465
 -3412.94335727393
 44074.12446710651
 1826.78150205834
 -53413.38726265612
 -848.5903217522001
 62524.01589182533
 -1925.2311460832
 -71449.00862808358
 14643.42403063125
 78474.70524203972
 -74506.09801137318
 21468.01637705544


